SetDesc: "H1 2006 DPDF Fit B"
SetIndex: 123652
Authors: H1 Collaboration
Reference: arXiv:hep-ex/0606004
Format: lhagrid1
DataVersion: 1
NumMembers: 31
Particle: 2212
Flavors: [-3, -2, -1, 1, 2, 3, 21]
OrderQCD: 1
ForcePositive: 1
FlavorScheme: fixed
NumFlavors: 3
XMin: 1e-05
XMax: 1
QMin: 1
QMax: 3162.28
MZ: 91.1876
MUp: 0
MDown: 0
MStrange: 0
MCharm: 1.4
MBottom: 4.5
MTop: 173
AlphaS_MZ: 0.118
AlphaS_OrderQCD: 1
AlphaS_Type: ipol
AlphaS_Qs: [1.118034e+00, 1.224745e+00, 1.414214e+00, 1.581139e+00, 1.788854e+00, 2.000000e+00, 2.236068e+00, 2.529822e+00, 2.828427e+00, 3.162278e+00, 3.464102e+00, 4.242641e+00, 5.099020e+00, 6.324555e+00, 8.000000e+00, 1.000000e+01, 1.264911e+01, 1.549193e+01, 2.000000e+01, 2.529822e+01, 3.162278e+01, 4.242641e+01, 5.656854e+01, 7.483315e+01, 9.118760e+01, 1.000000e+02, 1.341641e+02, 1.788854e+02, 2.366432e+02, 3.162278e+02, 4.242641e+02, 5.656854e+02, 7.483315e+02, 1.000000e+03, 1.341641e+03, 1.788854e+03, 2.366432e+03, 3.162278e+03]
AlphaS_Vals: [3.749699e-01, 3.544161e-01, 3.264472e-01, 3.090453e-01, 2.920917e-01, 2.783778e-01, 2.659608e-01, 2.535180e-01, 2.432805e-01, 2.338765e-01, 2.267412e-01, 2.123992e-01, 2.018172e-01, 1.908135e-01, 1.801492e-01, 1.711086e-01, 1.625513e-01, 1.558499e-01, 1.481782e-01, 1.417767e-01, 1.362040e-01, 1.295170e-01, 1.235936e-01, 1.183421e-01, 1.148998e-01, 1.133625e-01, 1.087338e-01, 1.045625e-01, 1.008075e-01, 9.719668e-02, 9.379591e-02, 9.069401e-02, 8.787112e-02, 8.512903e-02, 8.252143e-02, 8.012162e-02, 7.791978e-02, 7.576449e-02]
AlphaS_Lambda4: 0.265
AlphaS_Lambda5: 0.182
